30
2615175 9609042
648616 4158010
-2747097 -3715510
3185811 -1419104
6665807 -2027382
4895023 -1417219
-6984934 -8135350
1925319 -4676972
3216810 -2510353
-2858574 -5776281
6817968 -7310366
9120293 -8773134
4525404 -6224722
-9060199 1895732
-4979654 -4746862
-3064226 -8616376
6969469 -1502284
-3754492 6899028
5434595 6708673
-8322076 7386069
2811038 7584932
9359714 -533541
1450601 4116980
2912993 688818
-7623828 -5631564
-8363 -8172181
1330470 -9384342
8720870 30284
1838116 6045605
6526416 -4156198