20
8720735 -9023446 -5009867
8025826 -7509365 -1438836
-9666010 -500028 -2345167
-4410414 4000887 1848670
9066937 2302051 3516069
6205184 7455834 8658959
-2548226 -2540587 3891460
4069270 -9447108 -3572723
21866 -6359555 8777799
-3861069 3721931 -4449444
-9090877 -7383802 -2190119
6641160 5968855 4093869
-5028902 1626045 2546787
-1072584 7150472 -9901040
-5240998 -1520180 9953927
3848951 -3122257 -6968463
6075447 -2386199 4527663
5735421 2235979 -8520112
4471235 -6633135 4965986
878202 4702964 -4208402